46,104,126,102,100,100,100,104,102,105,103,126,119,91,81,74,86,72,78,80,67,73,86,80,76,72,71,74,75,72,70,70,70,69,69,68,67,66,66,65,63,62,62,61,60,59,59,58,55,54,54,53,52,51,51,50,50,49,48,47,46,45,44,43,42,42,42,40,40,41,45,48,46,49,46,35,28,31,40,46,44,43,42,41,40,39,38,37,34,33,36,41,44,42,42,44,44,44,45,45,46,46,46,46,47,48,48,49,50,51,51,52,52,53,53,54,55,56,56,57,57,58,58,59,60,61,61,62
48,95,96,48,17,9,7,13,14,15,22,69,103,107,112,104,99,81,80,80,67,68,74,65,76,72,71,74,75,72,69,70,70,69,69,68,67,66,66,65,63,62,62,61,60,59,59,59,55,54,54,53,52,52,51,51,50,49,48,47,46,45,44,44,42,42,42,41,40,42,45,48,46,50,47,36,29,32,41,46,44,43,43,41,40,39,38,38,35,33,36,42,44,42,42,45,45,45,45,46,46,46,47,47,48,48,49,49,50,51,52,52,53,53,54,54,55,56,57,57,58,58,58,59,60,61,61,62
36,85,86,37,0,0,7,20,9,0,1,49,102,111,104,74,84,77,90,106,105,102,98,87,77,73,71,74,74,71,69,70,70,69,69,68,67,66,66,65,63,63,62,61,61,60,59,59,55,55,55,54,53,52,52,51,50,50,49,48,47,46,45,44,42,43,43,41,40,42,46,49,48,50,47,37,31,34,42,46,45,44,44,42,41,40,39,39,35,34,37,43,45,43,43,46,46,46,46,46,47,47,48,48,48,49,49,50,51,52,52,52,53,54,54,55,56,57,57,57,58,58,59,59,60,61,62,62
30,87,94,52,0,1,9,19,5,0,0,39,101,104,82,29,23,28,48,70,81,85,93,101,78,73,71,73,74,71,69,70,70,69,69,68,67,66,66,65,63,63,62,62,61,60,60,59,56,56,55,54,54,53,52,52,51,51,50,49,47,46,45,45,43,44,43,42,41,43,47,50,49,51,48,38,33,36,43,46,46,45,45,43,42,41,40,40,37,35,38,44,46,44,44,47,47,47,47,48,48,48,49,49,49,49,50,51,52,52,53,53,54,54,55,56,57,57,58,58,58,58,59,60,61,61,62,62
24,81,93,54,0,0,0,0,2,0,0,29,99,100,79,16,0,0,0,2,8,23,60,100,80,74,71,73,73,70,69,71,70,69,69,68,67,66,66,65,64,64,63,62,62,61,60,60,57,57,56,55,55,54,53,53,52,52,51,50,48,47,46,46,44,44,44,43,42,44,48,51,50,52,48,39,35,39,44,46,47,47,46,45,44,42,42,41,38,37,39,45,47,45,45,48,48,48,49,49,49,50,50,50,50,50,51,52,52,53,54,54,55,55,56,57,57,58,59,59,59,59,60,60,61,62,63,63
17,75,88,62,0,16,20,19,19,8,10,25,94,96,83,17,0,4,2,0,0,0,45,103,81,75,71,72,72,69,69,71,70,69,69,68,67,66,66,65,64,64,63,62,62,61,60,60,58,57,57,56,55,55,54,54,53,52,51,50,49,48,47,47,45,45,45,44,43,45,48,51,51,52,49,41,37,41,45,46,48,48,47,46,45,44,43,42,39,38,41,46,49,46,47,49,49,49,50,50,51,51,51,51,51,51,52,52,53,54,55,55,56,56,57,57,58,59,60,60,59,59,60,61,62,62,63,63
26,81,93,73,0,22,18,7,2,0,0,9,87,94,88,19,0,10,13,8,2,0,36,96,82,75,71,72,72,69,69,71,70,69,69,68,67,66,66,65,65,64,64,63,62,61,61,60,58,58,58,57,56,55,55,54,53,53,52,51,50,49,48,47,45,46,46,44,43,45,49,52,53,53,49,41,39,43,46,45,49,49,48,47,46,44,44,43,40,39,41,47,49,47,47,50,50,50,51,51,51,52,52,52,51,52,52,53,54,55,55,55,56,57,57,58,59,60,60,60,59,60,60,61,62,63,63,64
25,82,98,84,9,31,17,0,4,0,6,15,95,99,89,13,5,20,17,7,1,0,34,98,82,75,71,72,72,69,68,71,70,69,69,68,67,66,66,65,65,64,64,63,62,61,61,60,59,58,58,57,56,55,55,55,54,53,52,51,50,49,48,47,46,46,46,45,44,45,49,52,53,53,49,42,40,44,46,45,50,49,48,47,46,45,44,44,40,39,42,48,50,48,48,51,51,51,51,51,52,52,53,53,52,52,52,53,54,55,55,56,57,57,57,58,59,60,60,61,59,60,60,61,62,63,63,64
24,73,102,102,15,24,11,0,0,3,7,4,88,101,91,15,0,10,14,11,0,0,36,94,84,74,68,68,71,70,68,68,69,68,68,68,67,67,67,66,64,64,64,64,63,62,60,60,61,60,58,56,56,56,56,57,57,54,51,50,50,50,49,48,50,47,47,49,48,46,50,56,50,56,54,38,45,47,34,53,51,50,49,48,47,46,45,44,41,38,40,47,50,49,48,49,49,49,50,50,51,51,51,51,53,54,54,54,55,55,55,55,56,57,57,58,59,60,60,61,62,62,62,62,62,62,62,62
47,69,82,92,19,23,12,8,0,0,6,6,78,95,93,18,0,6,9,7,0,0,33,93,83,74,68,69,71,70,68,69,69,68,68,68,67,67,67,66,64,64,64,64,63,62,61,60,61,59,58,56,56,56,57,58,54,53,53,53,55,55,53,51,50,47,46,47,45,43,46,52,52,57,56,39,45,49,36,53,51,50,49,48,47,46,45,45,43,40,42,48,52,50,50,51,51,51,51,52,52,53,53,53,54,54,54,54,55,55,56,56,57,57,58,58,59,60,61,61,63,63,63,63,63,63,63,63
89,78,70,83,27,20,9,15,8,2,14,17,67,85,96,27,0,6,17,24,16,6,38,95,82,74,69,70,71,69,68,69,69,68,68,68,67,67,67,66,64,64,65,64,63,62,61,60,60,59,57,56,56,56,58,58,54,54,54,55,57,56,53,51,51,48,48,49,48,46,50,56,56,58,58,42,45,51,40,51,51,51,50,49,48,47,46,45,44,42,43,50,54,52,51,52,52,53,53,53,54,54,54,55,54,54,55,55,56,56,56,56,57,58,58,59,60,61,61,61,63,63,63,63,63,63,63,63
89,75,68,89,62,66,65,76,84,72,76,68,74,76,88,28,0,0,5,14,9,0,30,86,80,73,69,71,72,69,68,70,69,68,68,68,67,67,67,66,65,65,65,64,64,62,61,60,58,57,56,55,55,56,57,58,56,55,53,53,53,53,51,49,49,47,47,50,50,49,54,60,57,57,60,43,43,53,45,50,52,52,51,50,48,47,46,46,45,42,44,50,54,52,51,53,53,53,53,53,54,54,55,55,55,55,55,56,56,57,57,57,58,58,59,60,61,61,62,62,63,63,63,63,63,63,63,63
41,39,39,52,44,54,57,62,46,44,59,61,60,65,93,58,31,25,18,16,13,13,46,97,78,73,70,72,72,69,68,71,69,68,68,68,67,67,67,66,65,65,65,65,64,63,62,61,57,56,55,53,53,54,55,56,57,54,51,50,51,53,53,52,48,45,45,47,47,45,49,56,58,53,59,44,40,55,49,47,53,53,52,51,49,48,47,47,44,41,43,50,53,52,51,52,52,52,53,53,54,54,54,54,56,56,56,57,57,58,58,58,59,59,60,61,61,62,63,63,64,64,64,64,64,64,64,64
39,46,45,42,37,41,39,37,56,60,66,68,56,53,74,56,62,65,62,60,61,57,70,98,76,72,71,73,72,69,68,71,69,68,68,68,67,67,67,66,65,65,66,65,65,63,62,61,57,55,53,51,51,51,51,52,54,52,50,49,51,53,53,53,48,45,44,45,44,41,45,51,55,48,57,43,37,55,53,44,54,53,52,51,50,49,48,48,44,42,43,50,54,52,51,52,52,53,53,53,54,54,54,55,57,57,57,57,58,58,59,59,60,60,61,61,62,63,64,64,64,64,64,64,64,64,64,64
26,30,29,26,33,32,31,33,24,34,33,43,43,39,51,47,45,59,64,65,72,70,66,71,75,72,72,73,72,68,68,72,69,68,68,68,67,67,67,66,66,66,66,66,65,64,62,62,56,55,52,50,48,48,48,48,50,49,49,49,49,47,43,39,36,33,33,36,36,35,39,46,52,42,54,41,33,55,55,42,54,54,53,52,51,50,49,48,46,43,45,51,55,54,53,54,54,54,54,55,55,56,56,56,57,57,58,58,59,59,59,59,60,61,61,62,63,64,64,64,64,64,64,64,64,64,64,64
61,53,44,39,47,35,29,36,34,43,29,38,41,32,29,27,35,45,41,35,48,61,64,67,74,72,72,74,72,68,68,72,69,68,68,68,67,67,67,66,66,66,66,66,65,64,62,62,56,54,51,49,47,46,46,46,49,49,49,49,45,37,28,20,13,12,14,19,22,24,31,38,50,39,52,39,31,55,56,40,55,54,53,52,51,50,49,48,48,45,47,53,57,55,54,56,56,56,56,56,57,57,58,58,58,58,58,58,59,59,60,60,61,61,61,62,63,64,64,65,65,65,65,65,65,65,65,65
59,64,77,49,73,50,52,37,46,53,41,44,47,42,40,20,37,25,24,41,22,36,29,40,40,52,51,55,71,67,62,79,70,75,68,62,67,68,64,69,67,67,65,62,63,66,63,57,51,48,47,48,51,49,42,36,38,47,54,46,27,9,1,1,0,0,0,0,2,5,9,11,18,25,37,37,34,45,51,40,57,59,53,52,59,54,46,49,48,48,48,50,53,55,55,54,56,56,56,56,56,56,56,56,58,58,58,57,58,59,60,60,62,62,62,62,63,63,64,64,63,63,63,63,63,64,65,66
40,44,64,55,98,81,84,74,56,72,65,67,78,85,81,48,37,30,28,41,23,35,26,29,27,36,32,32,45,43,39,52,51,64,66,65,71,70,65,68,65,67,65,61,61,60,54,47,55,49,42,37,35,32,25,20,21,27,32,26,13,2,0,0,0,0,0,0,0,1,4,5,8,12,21,23,25,40,49,39,52,56,51,50,56,53,47,51,47,47,47,49,52,54,54,53,57,57,57,57,57,57,57,57,58,58,58,58,58,59,60,60,61,61,61,62,62,63,63,63,63,62,62,62,62,63,64,65
32,25,34,26,65,27,13,2,32,65,69,70,82,98,102,72,68,66,60,68,54,60,49,35,29,33,25,20,27,25,20,23,34,56,68,69,73,69,63,66,65,68,68,64,61,58,50,41,46,38,27,19,14,10,6,3,4,7,8,5,0,0,0,1,1,0,0,0,0,0,0,0,0,0,6,8,13,32,45,39,47,54,50,48,54,52,47,52,47,46,46,49,52,54,54,53,57,57,57,57,57,57,57,57,59,58,58,58,58,59,60,61,60,60,60,61,61,62,62,62,62,61,61,61,62,62,63,64
45,36,42,37,77,23,0,0,13,53,65,66,74,95,115,100,94,93,84,91,85,85,73,40,51,53,45,37,38,36,25,15,29,57,71,69,69,66,63,68,64,68,67,62,56,50,40,31,22,16,8,2,0,0,0,0,0,0,0,0,0,0,1,2,0,0,0,0,0,0,0,0,0,0,2,2,2,19,37,38,43,53,52,48,53,51,48,52,48,48,48,50,53,55,55,54,57,57,57,57,57,57,57,57,59,59,58,58,59,60,60,61,59,59,60,60,61,61,61,61,61,61,60,60,61,62,63,63
31,26,36,37,81,23,0,3,8,32,31,36,56,85,107,91,97,96,88,96,105,100,97,57,73,73,72,67,66,66,50,24,32,60,73,66,65,65,67,75,73,73,67,53,40,29,18,9,2,0,0,0,0,0,0,0,0,0,0,1,2,2,1,0,0,0,0,0,0,0,0,0,0,0,4,1,0,4,24,30,39,54,56,51,53,52,49,52,51,50,50,52,55,57,57,57,58,58,58,58,58,58,58,58,60,59,59,59,59,60,61,62,59,59,60,60,61,61,61,61,61,61,60,60,61,62,63,63
34,34,40,38,86,25,0,4,15,19,0,0,35,79,86,44,61,61,54,67,84,78,98,68,78,79,86,86,86,91,73,36,33,62,73,65,64,68,73,80,84,80,66,45,25,12,2,0,0,0,0,1,2,2,1,1,0,1,2,3,2,0,0,0,0,0,0,0,0,1,1,1,0,0,3,0,0,0,10,15,31,51,58,53,54,53,50,53,52,51,51,53,56,59,59,58,58,58,58,58,58,58,58,58,60,60,59,59,60,60,61,62,60,60,60,61,61,62,62,62,62,61,61,61,62,62,63,64
3,6,11,14,78,29,0,8,36,49,15,0,36,94,88,17,7,9,3,16,31,22,73,64,78,79,88,90,91,101,83,37,33,65,77,69,68,70,70,73,72,66,50,27,10,3,1,0,0,1,2,2,1,0,1,1,0,0,1,1,0,0,0,1,0,0,0,0,0,0,0,0,2,0,0,1,0,0,4,3,20,46,57,54,55,55,52,54,52,51,51,53,56,58,58,58,58,58,58,58,58,58,58,58,60,60,60,59,60,61,62,62,61,61,61,62,62,63,63,63,63,62,62,62,62,63,64,65
0,0,2,7,82,41,11,16,39,75,46,5,32,95,88,3,0,0,0,3,13,0,71,80,81,80,89,90,89,101,83,32,35,68,82,74,71,70,64,61,43,38,24,5,0,0,3,6,0,0,0,0,0,0,0,0,0,0,0,0,0,0,1,6,0,0,0,0,0,0,0,0,5,0,0,2,1,5,5,0,11,40,55,53,56,56,54,55,51,50,50,52,55,57,57,57,59,59,59,59,59,59,59,59,60,60,60,59,60,61,62,62,62,62,62,62,63,63,64,64,63,63,63,63,63,64,65,66
0,10,0,12,84,39,2,42,54,61,31,26,17,109,90,15,3,0,3,17,31,17,86,41,46,62,70,82,95,77,84,34,38,58,78,76,66,70,64,40,0,0,0,0,0,0,0,0,0,0,0,0,0,0,0,0,0,0,0,0,0,0,0,0,0,0,0,0,0,0,0,0,1,1,0,0,0,0,1,1,0,25,49,55,52,52,55,56,57,51,50,56,61,61,61,63,61,61,61,61,61,61,61,61,63,63,63,62,62,62,62,62,63,64,64,64,65,65,65,65,64,64,64,64,64,64,64,64
0,0,0,16,94,47,0,19,52,59,31,20,11,103,89,16,2,0,0,16,19,12,79,40,4,10,15,25,36,39,78,42,44,53,67,69,64,71,71,56,0,0,0,0,0,0,0,0,0,0,0,0,0,0,0,0,0,0,0,0,0,0,0,0,0,0,0,0,0,0,0,0,1,1,0,0,0,0,1,1,2,26,50,58,58,56,55,53,57,51,50,56,61,61,61,63,62,62,62,62,62,62,62,62,62,62,63,63,63,63,63,63,64,64,64,64,65,65,66,66,65,65,65,65,65,65,65,65
10,13,0,13,88,46,0,1,5,18,3,1,7,105,102,32,0,0,0,15,2,4,68,36,0,0,0,0,0,5,70,42,25,16,19,25,25,32,37,32,0,0,0,0,0,0,0,0,0,0,0,0,0,0,0,0,0,0,0,0,0,0,0,0,0,0,0,0,0,0,0,0,1,1,0,0,0,0,1,1,0,18,40,54,60,61,56,51,57,52,50,56,61,62,62,63,62,62,62,62,62,62,62,62,62,62,62,63,64,64,65,65,64,64,65,65,66,66,66,66,65,65,65,65,65,65,65,65
3,5,0,5,80,49,2,5,0,7,0,0,12,103,100,28,0,7,0,22,0,4,64,36,7,1,12,10,0,0,69,40,26,2,0,3,3,4,10,10,0,0,0,0,0,0,0,0,0,0,0,0,0,0,0,0,0,0,0,0,0,0,0,0,0,0,0,0,0,0,0,0,1,1,0,0,0,0,1,1,0,5,23,41,55,61,58,53,58,52,51,56,62,62,62,63,63,63,63,63,63,63,63,63,61,62,63,63,65,66,66,67,65,65,65,66,66,67,67,67,66,66,66,66,66,66,66,66
0,0,0,13,78,49,2,0,2,1,0,0,15,94,97,31,4,16,12,32,4,10,69,39,6,5,22,21,0,3,73,44,37,5,0,4,3,0,0,1,0,0,0,0,0,0,0,0,0,0,0,0,0,0,0,0,0,0,0,0,0,0,0,0,0,0,0,0,0,0,0,0,1,1,0,0,0,0,1,1,0,0,10,28,46,56,57,55,58,53,51,57,62,63,63,64,64,64,64,64,64,64,64,64,62,63,63,64,66,66,67,68,66,66,66,67,67,68,68,68,67,67,67,67,67,67,67,67
1,10,7,16,79,67,37,30,31,21,18,17,32,92,102,50,0,12,14,26,4,4,68,34,3,6,17,13,0,2,68,46,32,3,0,2,1,0,0,0,0,0,0,0,0,0,0,0,0,0,0,0,0,0,0,0,0,2,5,7,7,5,2,0,0,0,0,0,0,0,0,0,1,1,0,0,0,0,1,1,4,1,5,21,39,49,53,55,59,53,52,57,62,63,63,64,65,65,65,65,65,65,65,65,64,64,65,65,66,67,67,67,67,67,67,67,68,68,69,69,68,68,68,68,68,68,68,68
0,0,0,7,83,99,94,93,91,78,81,73,62,80,80,35,0,4,10,11,1,0,68,29,3,12,11,2,0,0,59,44,35,10,2,9,8,4,4,0,0,0,0,0,0,0,0,0,0,0,0,0,0,0,0,0,0,5,13,19,19,13,5,0,0,0,0,0,0,0,0,0,1,1,0,0,0,0,1,1,6,0,3,18,35,45,51,55,59,53,52,58,63,63,63,65,65,65,65,65,65,65,65,65,66,66,66,66,66,66,67,67,67,67,68,68,69,69,69,69,68,68,68,68,68,68,68,68
0,1,0,7,81,94,82,71,74,70,91,88,64,57,48,6,1,3,13,4,3,0,74,33,0,9,5,0,2,5,58,46,32,10,4,8,5,3,3,0,0,0,0,0,0,0,0,0,0,0,0,0,0,0,0,0,0,7,20,29,29,20,7,0,0,0,0,0,0,0,0,0,1,1,0,0,0,0,1,1,0,0,0,16,33,43,50,56,59,53,52,58,63,63,63,65,66,66,66,66,66,66,66,66,67,67,67,67,67,66,66,66,68,68,68,68,69,69,70,70,69,69,69,69,69,69,69,69
0,4,3,0,90,77,0,8,0,15,18,43,54,74,68,78,76,77,60,49,40,48,63,43,4,1,8,1,2,8,55,48,28,19,6,0,1,6,3,0,1,0,0,0,0,0,0,0,0,1,0,0,1,3,1,0,5,0,7,49,40,12,18,0,0,0,0,0,0,0,0,0,1,1,1,1,1,1,1,1,0,0,2,4,9,22,40,54,55,53,54,59,64,64,63,63,68,68,67,66,66,65,65,65,73,64,59,64,70,70,67,65,68,68,68,68,68,68,67,67,68,75,61,68,64,73,61,68
0,0,1,8,90,81,0,0,3,5,0,1,28,88,82,51,51,67,80,94,88,88,103,87,71,64,66,57,56,51,71,40,29,9,0,0,2,2,0,0,0,0,0,0,0,0,0,0,0,0,0,1,2,3,2,0,0,5,18,51,43,21,21,0,2,1,0,0,0,2,2,2,1,1,1,1,1,1,1,1,0,0,0,0,2,12,26,37,51,51,52,57,61,62,62,62,64,65,67,68,69,69,69,68,59,71,77,69,62,64,65,63,65,65,67,68,70,72,73,74,69,71,63,71,55,60,53,58
6,0,0,29,90,89,8,10,0,12,6,0,9,93,95,29,28,29,27,29,21,47,105,119,72,72,84,86,97,90,90,36,31,6,0,0,4,0,0,2,0,0,0,0,0,0,0,1,0,0,1,3,4,3,2,2,2,17,38,63,59,42,34,9,11,6,0,0,0,0,1,2,1,1,1,1,1,1,1,1,0,0,0,0,0,2,11,18,50,53,56,60,63,65,67,67,65,66,67,67,66,64,62,60,56,71,73,60,58,70,75,68,72,71,69,67,64,62,60,59,56,50,52,66,36,39,39,41
31,7,0,43,77,71,9,24,7,28,32,11,0,90,101,20,17,22,22,16,5,43,109,115,66,73,91,94,103,96,93,35,32,20,11,10,6,0,0,1,0,0,0,0,0,0,1,1,1,1,4,6,5,2,2,4,15,29,54,82,83,64,51,42,28,18,6,0,0,0,0,0,1,1,1,1,1,1,1,1,0,0,1,0,0,0,4,8,44,51,58,60,62,66,68,68,66,66,65,64,64,63,63,63,74,63,46,40,54,72,72,61,61,59,56,52,47,43,40,38,39,31,44,63,26,31,37,36
30,11,13,73,96,81,35,57,24,27,24,6,0,88,99,10,0,2,10,6,0,43,100,80,37,43,58,56,62,64,86,50,33,43,43,26,9,3,1,0,0,0,0,0,0,0,1,2,6,4,6,9,7,2,3,9,33,35,64,98,102,76,59,73,48,31,15,7,3,0,0,3,1,1,1,1,1,1,1,1,1,1,2,1,0,1,2,3,32,44,55,57,58,62,64,63,63,62,60,60,62,65,69,72,73,46,25,31,48,53,48,44,37,37,37,38,39,39,39,40,45,39,51,68,34,46,54,49
7,13,25,70,92,65,22,28,10,23,32,22,5,83,88,7,6,2,2,0,0,49,114,92,1,0,3,0,4,17,64,54,34,57,64,38,11,4,2,0,0,0,0,0,0,0,1,2,9,5,7,10,8,4,8,18,41,40,72,105,114,84,63,93,56,36,17,9,4,0,0,3,1,1,1,1,1,1,1,1,0,0,0,0,0,0,0,0,21,40,56,58,58,61,63,60,60,58,54,50,49,49,51,52,37,23,23,39,46,39,38,47,40,42,44,46,49,52,54,55,59,57,55,60,37,59,66,61
61,87,83,76,102,80,43,22,25,45,48,28,11,85,85,9,16,0,0,4,0,38,98,79,17,0,0,0,3,7,50,42,36,54,60,40,13,0,0,1,0,0,0,0,0,0,2,3,8,4,5,11,10,7,15,29,38,47,85,112,125,105,80,112,68,45,23,14,8,0,0,2,1,1,1,1,1,1,1,1,1,0,0,0,0,0,0,0,8,31,51,54,53,56,56,52,52,50,47,43,39,34,31,29,23,26,38,50,53,48,52,61,59,59,60,61,62,62,63,63,63,66,43,31,24,61,68,65
37,79,64,27,78,91,81,52,86,76,34,0,2,96,94,10,60,14,1,10,0,24,93,91,8,0,0,14,33,34,67,53,37,44,48,38,14,0,0,4,0,0,0,0,0,1,2,3,7,2,4,11,11,10,21,38,32,53,97,117,136,128,101,129,86,61,36,26,17,6,1,5,1,1,1,1,1,1,1,1,3,2,0,0,0,0,0,0,0,17,39,43,41,44,43,38,38,40,42,44,43,40,36,33,47,53,57,57,60,64,65,62,58,59,59,61,62,63,64,64,61,67,30,8,12,60,68,69
63,64,38,1,41,101,70,15,86,76,25,20,5,96,98,21,38,16,3,0,0,13,92,75,3,1,0,12,51,60,51,57,48,40,35,22,2,0,2,0,0,0,0,0,0,0,1,1,0,7,7,3,17,30,32,32,52,75,100,139,155,146,143,130,112,70,43,35,20,7,3,2,3,2,2,1,0,0,0,0,0,0,0,0,0,0,0,0,6,0,28,44,30,40,47,44,47,53,48,54,64,43,35,66,60,35,30,36,25,18,32,49,71,66,65,49,17,5,16,25,20,43,32,28,9,47,70,65
74,73,57,21,44,92,57,0,63,69,23,10,2,102,100,8,11,4,4,1,0,14,88,68,3,4,0,0,22,42,48,52,41,31,24,13,0,0,2,0,2,1,0,0,0,0,0,0,5,0,0,15,43,46,33,28,66,98,121,149,165,166,167,148,121,98,69,37,13,12,11,0,1,0,0,0,0,0,1,2,0,0,0,0,0,0,0,0,9,0,31,46,35,47,55,54,63,59,65,67,55,46,49,55,59,23,4,2,0,9,35,56,24,15,11,7,4,11,11,0,0,16,20,8,5,52,74,70
66,71,81,48,29,55,46,12,42,54,11,0,0,98,101,11,0,0,4,2,1,19,89,71,2,5,6,0,0,11,32,34,42,25,15,6,0,0,1,0,2,1,1,0,0,0,0,0,11,8,14,38,56,48,47,66,119,144,149,155,164,176,188,172,146,132,110,73,35,18,9,0,2,1,0,0,0,0,1,2,0,0,0,0,0,0,0,0,15,6,39,50,43,55,61,63,61,53,66,57,22,19,25,2,76,40,16,5,0,0,0,0,9,0,0,0,1,13,5,0,0,3,29,0,6,55,70,66
28,14,34,23,0,15,35,37,11,24,3,10,19,87,86,19,0,1,0,0,3,26,96,81,0,0,13,10,0,0,29,38,48,25,11,4,0,0,1,0,0,0,1,1,0,0,0,0,1,6,12,22,29,27,45,79,129,150,155,168,178,185,198,188,174,154,145,128,82,34,13,8,1,1,1,1,1,1,0,0,0,0,0,0,0,0,0,0,17,15,45,54,50,60,61,64,63,68,72,51,23,23,22,0,9,0,0,3,6,9,8,0,2,0,0,4,5,11,12,2,0,2,45,1,13,57,65,62
70,4,0,1,0,0,2,6,0,9,19,60,70,84,75,35,8,6,0,0,5,20,79,65,0,0,8,22,4,3,37,64,48,21,5,2,0,0,2,0,0,0,1,0,0,0,0,0,9,16,9,3,15,29,40,53,69,93,125,177,204,200,203,195,191,166,149,128,82,39,22,20,0,0,0,1,2,1,0,0,0,0,0,0,0,0,0,0,13,18,48,56,57,66,61,65,62,79,63,36,39,46,42,42,49,39,35,31,25,28,25,11,23,6,3,7,0,0,0,0,0,1,52,15,26,62,69,70
99,23,0,5,4,0,0,3,42,44,53,91,99,93,90,74,82,76,58,55,65,55,94,78,15,0,2,18,9,0,27,62,39,12,0,0,0,0,4,0,2,4,4,0,0,0,0,2,10,37,41,26,30,44,48,47,43,61,93,158,195,195,202,201,186,160,122,74,34,21,17,4,0,0,0,0,0,0,1,1,0,0,0,0,0,0,0,0,10,22,49,54,60,70,62,69,63,71,40,18,39,48,48,66,68,67,71,68,65,72,67,46,37,12,1,2,0,0,4,4,16,23,61,42,43,67,72,73
64,14,0,0,16,36,42,63,79,88,83,89,96,98,102,79,64,57,42,47,56,33,67,62,45,32,25,34,38,27,33,61,35,8,0,0,0,0,3,1,1,3,3,0,0,0,5,12,14,54,74,69,76,88,88,83,90,93,99,137,170,180,194,191,171,138,97,59,37,40,40,25,22,17,9,2,0,0,0,2,0,0,0,0,0,0,0,0,20,33,54,53,60,70,62,71,74,57,40,41,54,59,63,71,63,66,72,71,71,75,56,19,4,0,0,0,7,39,61,58,52,55,62,66,55,70,71,67
97,49,9,0,43,85,86,92,68,100,97,82,89,97,88,37,4,1,0,13,33,15,61,72,69,70,62,70,88,80,72,86,37,10,0,2,0,0,1,0,0,0,1,0,0,5,15,24,59,82,97,116,153,174,161,143,132,135,126,143,166,178,186,171,157,116,93,98,99,96,94,90,48,38,22,7,0,0,0,1,0,0,0,0,0,0,0,0,34,46,60,52,58,67,58,69,64,30,38,67,69,71,76,66,72,70,68,63,65,73,52,10,0,14,19,0,0,43,74,67,66,65,50,71,57,70,70,63
98,92,89,66,89,90,87,55,14,63,66,12,4,25,63,37,0,0,7,10,32,24,74,64,46,4,11,35,34,59,90,80,44,11,0,0,0,2,3,0,0,10,0,2,9,13,13,55,74,119,154,165,172,174,173,177,175,163,157,159,168,184,182,160,153,127,134,126,156,169,174,153,104,60,36,14,2,4,0,1,2,0,0,0,3,1,3,7,48,53,48,61,64,58,69,70,28,43,59,68,72,72,68,62,67,58,78,63,76,62,75,6,1,7,11,3,4,36,69,75,70,61,58,64,69,67,66,67
92,88,100,95,107,91,83,61,0,3,9,0,1,5,47,42,1,15,45,25,25,19,79,71,44,2,6,28,29,59,89,75,41,12,0,1,1,0,0,0,0,5,0,0,0,10,21,85,102,141,171,183,197,198,179,163,178,173,173,172,173,182,176,152,133,143,167,163,168,177,188,185,139,99,64,30,12,5,0,5,1,0,0,0,0,0,1,7,47,57,52,60,63,59,66,57,33,49,65,70,68,68,68,67,71,63,67,66,66,63,57,0,0,1,3,0,3,36,66,67,69,65,65,69,70,67,66,69
107,95,106,101,87,48,31,15,12,0,4,11,2,0,45,49,0,39,78,35,13,8,79,76,32,0,13,40,45,71,86,57,51,24,9,6,0,0,1,0,0,0,2,6,2,16,22,94,137,143,154,164,149,110,101,126,153,162,177,182,185,194,185,157,152,155,152,161,165,178,173,164,153,129,95,56,39,16,0,6,0,0,0,0,0,0,0,7,45,61,55,58,63,64,63,38,43,58,71,71,65,65,69,72,62,67,66,77,64,68,59,12,0,0,0,0,3,37,65,65,68,67,69,72,71,68,68,72
96,86,95,96,81,71,68,55,42,38,55,36,0,0,54,46,0,39,79,35,8,2,77,82,28,0,11,35,42,74,87,50,59,34,17,7,0,0,2,1,0,0,5,5,5,40,49,113,130,140,133,98,45,9,34,89,121,141,169,185,196,209,194,157,120,154,146,128,62,39,63,114,118,118,105,81,72,36,0,3,0,0,1,0,0,0,1,8,39,62,58,56,63,68,61,25,55,65,72,69,65,66,70,73,69,72,62,46,22,11,20,0,2,0,0,0,3,36,67,72,68,67,67,68,69,69,70,71
16,13,23,28,30,64,78,52,43,43,57,31,0,0,55,40,3,21,54,27,15,6,80,91,41,1,0,2,10,60,91,60,55,38,27,15,0,0,0,0,3,0,0,0,14,80,110,158,165,92,82,132,95,0,21,151,116,139,169,187,203,216,192,144,158,178,144,122,50,7,28,84,77,90,97,91,92,54,0,1,0,0,2,0,0,0,6,12,33,60,57,55,63,72,62,20,65,69,69,66,67,71,72,69,76,66,57,24,23,0,17,0,2,0,2,0,0,29,62,73,74,71,67,66,68,70,70,67
0,1,3,4,3,61,70,23,16,0,8,5,0,0,50,44,3,0,20,8,13,7,78,90,38,3,0,0,2,58,92,59,49,43,43,33,11,0,0,0,3,5,0,29,59,119,151,172,147,133,129,148,157,136,127,144,131,153,177,188,202,218,192,139,136,177,157,140,88,41,69,116,71,78,94,98,100,66,8,0,0,0,2,0,0,6,14,17,30,58,57,55,63,71,63,22,68,68,67,66,69,73,72,67,69,63,73,60,90,48,46,6,0,0,2,0,0,17,45,56,70,72,72,69,69,70,68,63
0,0,0,2,0,70,80,29,0,0,0,0,4,2,46,51,1,0,3,0,5,5,75,83,28,3,3,3,9,63,91,51,48,47,49,38,13,1,2,0,0,7,5,79,113,139,168,167,165,165,166,180,199,192,166,153,156,176,191,187,193,210,190,141,153,186,157,153,177,158,158,136,98,91,108,116,112,79,22,0,0,0,0,0,3,14,21,22,31,57,56,56,63,68,62,25,62,67,69,67,69,72,71,68,71,72,72,69,81,36,16,0,0,0,2,1,0,8,24,26,45,60,72,72,68,67,67,66
6,0,0,8,5,78,93,48,0,8,10,0,1,0,41,48,4,0,6,0,2,8,80,83,27,3,0,0,0,58,91,53,47,44,42,25,0,0,0,0,0,1,0,98,136,143,182,182,179,188,190,189,187,174,166,175,182,200,205,187,180,195,179,134,121,196,191,162,177,157,172,143,123,106,124,135,125,92,31,0,0,0,0,0,6,19,26,26,34,57,57,58,62,65,60,28,57,65,71,70,67,69,70,70,70,72,43,30,14,0,0,8,0,0,1,4,0,5,11,4,16,43,68,73,66,64,69,72
43,31,46,40,58,101,102,71,2,5,6,1,0,10,32,52,0,0,2,6,0,6,67,89,32,1,0,0,2,55,83,45,42,45,36,1,0,5,0,4,0,0,20,91,129,159,165,185,192,201,209,210,209,208,203,197,206,213,196,182,181,193,186,135,127,174,203,198,188,178,168,166,154,144,148,136,123,95,33,0,0,2,0,0,20,41,32,17,42,55,54,51,64,69,53,38,51,66,77,74,70,65,48,30,28,24,17,7,2,0,0,0,0,0,0,0,0,3,8,13,3,53,74,67,70,69,64,72
81,72,89,86,85,96,60,9,0,0,0,0,0,4,30,52,1,0,0,9,7,29,82,96,34,4,0,0,0,56,92,66,44,46,37,1,0,0,0,0,0,0,17,94,136,167,170,185,206,216,223,223,220,218,216,213,220,219,192,175,176,192,189,141,124,168,205,216,214,204,191,187,174,160,157,141,127,99,38,1,0,2,0,3,30,45,33,20,32,52,57,57,69,75,64,54,47,57,62,55,49,43,30,15,11,11,12,11,9,7,7,9,0,0,0,0,0,5,11,16,0,46,74,74,77,74,67,71
64,54,74,85,86,99,61,15,13,14,13,7,5,18,42,63,56,57,55,67,66,67,82,69,32,7,2,0,0,46,80,61,41,43,37,6,2,11,4,13,16,0,15,93,135,168,175,188,214,224,231,227,221,220,221,221,226,218,188,173,177,193,192,147,123,152,190,218,226,219,208,203,196,177,167,146,129,102,41,3,0,0,0,16,45,50,35,25,31,55,62,54,55,53,43,37,14,21,23,17,16,17,12,4,17,14,16,18,13,7,12,22,0,0,0,0,0,3,10,16,0,41,69,72,74,71,67,70
25,9,15,31,40,89,86,72,73,70,64,59,60,68,82,92,79,87,85,98,101,92,88,66,65,52,55,52,46,69,85,65,60,58,47,12,3,8,0,7,35,5,16,91,126,161,177,195,213,224,231,226,217,215,219,222,217,211,187,178,181,193,193,153,128,137,169,204,220,219,215,211,205,183,171,147,129,101,38,0,0,0,0,26,56,54,35,28,33,58,61,43,31,22,13,11,12,17,19,16,18,24,25,21,27,22,21,20,12,4,13,31,3,2,0,0,0,3,10,15,11,40,63,67,65,64,65,69
29,6,0,0,4,73,94,100,97,94,92,94,97,95,86,78,70,82,72,75,78,76,82,74,79,74,81,81,72,76,78,61,61,57,45,13,5,10,3,16,43,5,20,98,123,155,177,197,214,226,233,228,219,217,220,223,215,207,184,177,178,188,194,163,136,130,158,199,218,224,224,214,203,183,172,148,129,98,35,0,1,0,0,28,60,56,35,28,28,53,56,35,22,16,12,14,22,24,24,21,20,21,19,16,13,14,18,20,12,4,12,26,1,0,0,0,0,4,11,17,22,39,62,72,67,65,69,70
21,10,0,9,9,88,102,101,96,94,96,101,101,86,60,39,54,80,74,73,76,71,79,79,76,73,77,78,73,73,73,65,62,58,50,23,18,23,16,30,47,5,25,108,127,153,176,194,212,224,232,230,223,221,221,220,221,205,176,170,173,186,198,174,134,124,152,196,215,228,229,209,199,182,174,150,128,96,34,0,2,0,0,24,56,56,36,27,26,49,51,32,22,17,13,15,5,6,6,5,3,1,0,0,0,8,20,22,14,6,4,6,0,0,0,0,1,6,12,17,25,34,60,76,69,67,73,72
0,0,0,15,17,97,90,68,74,73,73,74,74,65,50,38,33,72,75,76,78,68,72,74,72,67,67,69,67,66,67,66,61,58,51,25,15,11,0,7,71,15,27,109,125,151,174,190,211,223,232,233,230,227,223,218,219,196,165,167,181,197,207,182,138,122,146,183,200,222,227,201,197,183,175,149,123,90,31,0,4,1,0,18,51,57,39,26,27,48,49,31,22,15,5,1,0,0,0,2,3,2,2,2,0,12,25,23,19,19,16,10,10,12,14,15,16,19,23,26,30,26,45,59,50,52,66,68
1,3,0,7,2,77,48,8,11,9,7,8,14,25,36,43,51,83,69,49,38,18,17,19,16,12,10,12,11,6,3,4,2,6,11,0,1,4,0,6,99,28,27,102,117,146,172,188,216,227,237,240,240,236,229,221,209,184,156,170,194,212,216,184,150,129,144,171,185,214,227,201,196,182,174,145,117,84,29,0,6,4,0,14,47,57,41,26,25,46,47,32,26,19,4,0,2,0,0,0,0,0,0,2,0,14,24,20,23,39,46,40,41,43,44,43,41,40,41,43,38,21,28,35,22,30,54,63
2,0,0,1,1,89,42,2,3,0,0,0,12,25,33,37,48,62,72,58,25,0,0,2,0,0,0,0,0,0,0,0,0,0,0,0,0,0,0,0,63,112,72,69,120,134,153,192,204,217,231,237,238,235,227,219,211,154,164,190,201,230,230,206,150,136,138,154,172,197,214,213,190,183,169,139,130,69,25,7,0,0,1,19,49,56,40,28,23,46,42,26,24,12,0,0,0,0,0,0,0,0,0,0,4,20,30,11,16,45,44,34,36,43,63,60,50,80,95,61,33,7,56,141,30,28,34,79
0,0,1,1,3,89,45,1,4,4,8,14,23,31,37,39,47,62,73,60,28,0,0,2,0,1,2,2,2,2,1,0,0,0,0,0,0,0,0,0,26,108,94,67,116,142,168,187,203,215,229,235,236,233,226,218,167,152,180,191,191,211,210,194,157,133,132,153,166,178,201,218,203,187,168,131,113,60,25,2,2,6,11,25,48,51,37,27,15,39,38,24,20,8,0,4,0,0,0,0,0,0,0,0,0,22,29,21,22,36,43,32,47,69,116,140,138,154,150,110,35,32,127,152,89,32,47,59
0,0,3,0,2,84,47,0,2,10,21,28,32,34,37,40,46,60,73,65,34,3,0,2,3,3,4,5,5,4,3,3,1,1,1,1,1,1,1,1,3,116,138,74,106,125,161,169,198,210,223,228,229,227,221,213,141,150,172,166,166,180,168,159,110,93,115,158,169,164,182,208,204,180,164,126,105,70,52,22,2,8,20,36,50,51,42,35,25,40,39,26,16,3,0,4,0,0,0,0,0,0,0,0,0,27,23,29,25,21,48,44,46,56,90,111,107,112,108,81,35,37,121,97,83,28,56,59
0,2,4,0,1,77,51,0,0,11,26,33,32,31,34,38,44,58,73,69,39,7,0,2,3,4,4,5,5,4,4,3,2,2,2,2,2,2,2,2,15,125,167,95,114,117,160,178,191,203,215,220,222,221,216,209,147,174,135,47,64,145,144,105,67,69,110,161,170,162,174,195,193,168,159,124,100,75,68,34,0,7,34,59,67,68,66,60,56,54,42,28,15,2,0,0,0,0,0,0,0,0,0,0,8,34,17,29,20,7,52,59,59,47,47,46,33,32,37,31,34,32,50,32,32,30,44,68
0,0,2,0,5,67,55,2,0,12,27,32,29,26,31,38,44,56,72,72,44,10,0,3,2,3,4,4,4,4,3,2,3,3,3,3,3,3,3,3,14,72,109,67,109,116,155,186,188,200,211,216,219,219,216,210,185,148,117,115,139,126,88,99,86,99,136,165,168,171,186,195,188,163,157,120,88,54,44,11,0,11,52,87,91,90,92,86,87,61,38,25,12,3,0,0,0,0,0,0,0,0,0,0,15,35,16,28,14,0,39,49,65,49,42,39,28,21,24,27,39,37,27,28,26,37,31,70
0,1,3,0,12,56,50,0,0,13,27,31,27,26,32,39,43,53,70,73,47,11,0,4,2,2,3,3,3,3,2,2,3,3,3,3,3,3,3,3,17,22,31,16,85,118,145,173,187,198,210,215,219,221,220,215,221,216,184,140,155,180,158,146,106,129,163,179,180,188,196,190,181,162,153,115,82,34,19,0,3,14,62,101,98,95,99,91,96,56,28,19,9,3,1,0,0,0,0,0,0,0,0,0,16,31,22,28,11,0,13,20,53,44,36,33,29,23,24,31,37,37,44,34,42,31,32,72
31,28,29,31,38,57,49,0,0,12,26,31,29,27,33,39,42,51,67,72,47,11,0,5,2,2,3,3,3,3,2,2,2,2,2,2,2,2,2,2,47,40,26,4,65,129,149,172,183,194,206,212,217,221,221,217,215,207,198,180,186,193,171,167,118,137,166,180,181,189,192,181,172,158,145,109,82,26,11,15,13,18,67,104,95,89,96,86,91,45,21,18,6,0,3,0,0,0,0,0,0,0,0,0,21,27,27,21,6,0,0,5,55,49,35,25,24,21,23,32,34,35,43,28,36,28,27,54
73,67,67,70,70,71,58,5,0,9,24,30,29,28,31,36,42,50,66,72,47,11,0,6,3,3,4,4,4,4,3,3,1,1,1,1,1,1,1,1,50,60,41,0,34,117,144,168,178,189,201,208,213,218,219,216,217,195,186,176,183,192,178,178,147,147,157,162,160,171,183,182,168,156,138,101,79,18,5,25,25,26,72,109,96,90,98,88,85,41,21,21,5,0,2,0,0,0,0,0,0,0,0,0,28,24,28,13,1,2,0,9,52,53,40,28,27,23,19,25,37,42,34,36,29,42,9,16
62,32,32,26,13,11,42,5,0,5,21,31,28,23,27,35,38,46,63,71,52,17,0,0,2,2,2,2,2,2,2,2,2,2,2,2,2,2,2,2,49,65,47,0,20,100,148,165,181,191,201,206,210,214,213,210,196,198,185,176,183,188,182,180,149,146,152,149,141,160,178,167,159,142,123,99,60,21,11,23,34,28,63,95,103,95,89,94,78,29,26,19,0,2,4,0,1,0,1,1,0,0,3,14,25,22,26,12,0,23,9,41,58,56,43,22,15,22,26,22,35,36,34,31,34,33,18,0
32,4,4,0,0,0,43,19,13,14,19,25,27,26,30,35,38,45,62,70,52,17,0,0,1,1,1,1,1,1,1,1,1,1,1,1,1,1,1,1,39,69,51,3,9,81,142,151,177,187,196,200,204,207,207,204,194,196,195,187,180,180,179,175,151,141,142,148,148,151,157,157,151,139,120,92,54,22,16,26,38,31,57,101,104,99,89,97,72,27,24,16,0,2,3,0,0,0,1,1,0,0,4,15,25,19,19,19,2,27,22,24,57,51,34,13,9,19,26,24,40,40,37,33,35,34,18,0
19,0,2,0,0,8,62,50,43,32,24,24,27,27,29,31,37,43,60,69,52,18,0,0,1,1,1,1,1,1,1,1,1,1,1,1,1,1,1,1,29,73,58,18,0,50,134,144,173,182,191,194,196,198,197,193,196,179,176,170,156,157,157,138,127,116,114,136,155,148,142,153,143,136,116,81,45,25,24,31,43,32,43,105,103,103,88,97,63,23,20,12,0,2,2,0,0,0,0,0,0,0,6,17,25,25,22,10,0,9,21,31,57,45,22,3,2,17,27,27,41,41,37,33,36,37,24,5
5,0,4,0,0,8,58,51,36,26,20,21,25,26,28,30,34,41,57,67,52,19,0,0,1,1,1,1,1,1,1,1,1,1,1,1,1,1,1,1,26,74,61,33,0,16,118,146,167,178,189,193,193,192,186,180,189,148,134,138,135,148,145,109,83,79,79,111,151,151,139,152,135,132,110,70,38,29,32,36,46,34,28,104,100,105,87,93,51,20,17,6,0,3,0,0,0,0,0,0,0,0,9,20,23,28,26,1,2,44,23,53,54,39,16,0,3,18,28,28,37,37,34,31,37,40,29,12
0,0,2,0,0,4,48,42,0,1,8,17,23,24,28,34,33,39,55,66,52,21,1,0,0,0,0,0,0,0,0,0,0,0,0,0,0,0,0,0,29,69,58,43,0,0,89,140,160,173,188,194,193,188,178,168,129,88,81,95,102,119,116,81,73,72,70,99,146,156,142,144,131,126,100,61,35,33,38,40,53,38,21,99,101,108,91,87,41,18,14,2,0,3,0,1,0,0,0,0,0,0,11,23,26,20,21,3,68,122,30,62,51,37,17,6,9,21,28,29,36,36,33,30,36,39,28,11
1,0,0,0,4,6,43,37,0,0,12,22,24,21,24,29,31,36,52,64,52,21,2,0,0,0,0,0,0,0,0,0,0,0,0,0,0,0,0,0,28,64,56,47,21,5,66,122,149,164,181,189,190,185,174,164,139,120,125,141,143,148,145,125,115,101,93,115,150,159,146,139,126,114,86,53,35,36,42,44,58,42,19,89,104,108,98,78,33,17,13,0,0,4,0,2,0,0,0,0,0,2,13,26,28,22,16,0,65,111,21,68,51,39,23,15,16,24,29,31,39,40,36,32,35,36,22,4
1,2,2,1,20,17,42,30,3,8,17,25,24,20,20,25,30,35,50,63,52,22,2,0,0,0,0,0,0,0,0,0,0,0,0,0,0,0,0,0,22,62,62,54,64,58,69,110,136,151,168,178,182,181,174,166,163,154,154,166,175,175,170,165,155,116,105,130,149,148,142,136,118,98,69,45,36,39,45,48,57,42,17,74,103,104,102,64,28,18,13,0,0,4,0,3,0,0,0,0,0,3,15,28,27,27,7,0,15,40,21,69,53,42,29,21,20,23,29,34,41,42,38,34,36,35,20,0
21,27,33,38,61,52,63,42,0,0,6,16,20,20,23,28,30,34,49,62,52,23,3,0,0,0,0,0,0,0,0,0,0,0,0,0,0,0,0,0,17,64,71,63,102,112,87,109,127,142,158,168,175,178,175,170,175,160,147,160,189,199,194,195,160,102,91,126,137,129,130,131,112,87,58,40,37,40,47,51,54,39,14,61,100,97,102,53,25,19,13,0,0,4,0,3,0,0,0,0,0,4,16,30,24,20,0,14,6,16,46,61,55,45,33,24,20,22,29,36,39,40,38,35,38,38,22,2
33,36,44,54,64,69,67,63,47,35,24,19,17,16,20,25,28,29,43,60,52,23,3,0,0,0,0,0,0,0,0,0,0,0,0,0,0,0,0,0,19,64,53,64,89,82,95,107,109,133,154,156,157,164,170,169,173,167,159,155,159,165,163,155,121,113,114,124,129,123,118,118,104,76,49,39,36,36,42,51,51,31,10,57,86,100,107,35,22,24,28,10,23,26,5,36,26,17,23,28,19,17,29,37,34,22,0,0,15,0,55,67,58,48,23,28,20,26,23,45,47,28,30,38,33,35,26,0
45,43,39,36,34,30,26,23,23,16,12,14,16,16,19,23,29,30,44,59,50,19,0,0,0,0,0,0,0,0,0,0,0,0,0,0,0,0,0,0,9,56,65,43,46,44,52,98,110,117,132,148,158,160,160,160,162,161,155,146,142,140,135,128,111,112,113,115,118,119,110,99,82,59,37,33,39,46,51,55,58,59,0,25,99,102,78,40,17,16,29,28,26,32,24,19,22,19,20,23,30,39,31,9,25,17,6,0,9,20,59,56,42,57,47,34,7,25,32,41,49,36,40,41,34,38,29,0
0,0,0,0,0,4,12,18,4,1,3,11,16,17,18,20,24,28,45,61,54,27,5,0,3,3,2,2,1,1,0,0,0,0,0,0,0,0,0,0,26,54,71,42,51,56,45,106,118,107,111,135,154,154,150,151,152,154,150,136,122,111,103,96,101,108,110,107,111,116,104,85,83,63,41,34,40,45,45,41,44,45,19,54,102,100,80,34,38,28,27,25,8,23,44,14,22,32,36,29,23,25,26,22,32,11,3,3,24,47,78,60,56,35,20,29,12,32,38,37,32,32,42,38,28,40,36,2
0,0,0,0,0,4,15,24,0,0,2,10,16,17,17,20,22,28,45,60,54,29,7,1,0,0,0,0,0,0,0,0,0,0,0,0,2,3,3,4,29,47,58,52,60,46,40,103,125,110,105,119,138,148,150,151,141,144,141,131,121,114,107,101,106,108,110,112,115,113,99,85,74,58,41,36,41,47,49,47,41,90,138,187,185,132,80,23,11,29,27,37,43,74,118,97,51,40,32,47,73,72,45,25,31,0,0,49,58,41,76,61,75,54,34,28,10,58,78,62,57,68,79,60,35,41,38,3
4,6,7,6,6,9,16,21,4,0,1,8,14,16,19,23,27,32,45,54,46,21,0,0,0,0,0,0,1,2,3,4,0,0,0,2,4,6,7,8,33,58,61,72,47,0,33,100,121,116,107,102,115,138,154,157,141,142,142,139,140,143,141,135,134,122,119,126,121,102,89,88,86,68,51,46,45,44,46,51,89,170,192,194,189,106,31,32,55,118,135,157,190,208,232,225,220,202,137,60,25,26,43,64,42,16,34,164,133,35,78,74,93,149,143,64,8,97,152,125,116,128,131,95,49,42,32,0
0,2,6,10,12,14,16,18,4,0,0,3,9,14,20,26,25,31,43,53,48,32,18,13,19,21,23,26,30,33,35,37,48,48,50,51,53,55,56,57,53,66,64,76,33,0,50,101,111,116,109,94,96,122,146,156,160,161,159,157,158,161,157,151,159,139,130,132,117,89,78,86,80,56,42,46,48,42,44,55,129,152,147,127,108,69,46,60,103,171,196,209,237,242,239,243,229,211,123,30,18,37,26,5,53,48,101,248,175,49,80,79,87,151,147,67,0,70,123,118,101,109,112,81,42,38,30,0
29,28,28,27,25,19,13,8,6,0,0,2,7,11,17,23,20,28,42,54,57,52,47,46,51,52,53,54,56,58,59,60,51,51,51,51,51,51,52,52,51,56,79,70,12,5,64,97,111,115,113,101,93,102,123,141,165,170,172,167,163,160,155,150,154,141,130,121,103,83,80,91,96,65,57,85,106,104,107,122,105,87,110,118,91,90,98,86,108,144,185,197,215,238,242,250,237,216,125,30,6,14,20,33,38,21,84,180,108,54,65,45,35,49,35,15,0,6,21,34,50,48,53,43,28,38,35,3
25,24,24,25,26,22,14,7,10,4,1,4,8,10,14,19,21,28,41,53,58,57,56,56,63,62,61,59,57,55,54,53,57,56,55,54,52,51,50,49,45,67,135,93,1,15,73,110,119,117,118,113,98,88,102,125,145,157,168,167,161,157,156,155,133,131,123,106,91,85,92,100,81,39,25,57,79,66,57,67,59,54,50,44,53,61,70,99,90,97,159,179,185,224,234,233,220,163,69,18,21,11,8,40,30,0,33,71,25,66,64,21,0,7,0,0,0,8,0,0,45,33,33,31,30,45,40,4
27,24,35,35,73,48,8,7,5,4,2,0,0,2,8,13,13,23,38,53,62,62,55,48,52,62,59,70,63,46,63,82,80,13,6,11,33,34,0,32,62,97,146,41,0,48,82,107,117,119,121,122,116,104,94,88,122,140,149,142,141,149,147,136,134,119,99,88,89,96,101,103,94,36,14,5,100,74,23,27,30,38,42,34,40,34,40,100,70,86,118,64,28,117,107,87,74,29,15,29,9,19,41,99,105,113,124,143,135,136,72,40,24,0,0,0,0,0,0,0,17,28,32,26,25,30,27,19
22,18,4,51,34,25,0,8,1,1,0,0,0,1,6,11,22,29,38,47,50,49,45,43,40,44,16,26,22,60,120,115,40,6,13,0,0,0,0,0,97,115,164,36,10,51,85,104,117,118,121,122,118,109,98,91,100,117,131,133,135,138,133,124,100,95,91,92,97,101,100,97,91,54,7,3,49,71,32,18,19,23,31,29,32,20,5,34,115,128,156,133,54,16,2,15,22,27,20,10,31,127,158,157,185,179,172,175,168,171,105,66,30,8,1,6,3,0,2,0,11,28,39,36,30,27,21,12
8,13,30,78,34,26,10,3,0,0,0,0,0,0,3,6,0,0,0,0,0,0,0,1,0,18,5,36,39,97,126,64,0,4,0,0,5,0,0,43,92,131,187,17,0,63,104,110,127,127,129,129,128,121,109,100,81,87,95,101,101,98,94,92,83,86,92,101,109,110,106,101,91,67,19,0,10,58,70,26,19,26,49,44,29,12,0,1,14,40,69,102,115,83,63,25,24,31,40,55,94,185,196,180,189,169,154,156,164,161,73,6,13,0,0,0,0,0,1,2,2,19,31,27,17,12,7,1
12,6,83,51,27,13,28,0,0,0,0,0,0,0,0,0,1,4,7,4,0,0,6,11,6,21,4,28,56,115,83,21,0,0,7,6,0,26,77,66,128,161,190,32,16,85,106,111,136,137,137,135,134,128,116,105,107,96,85,78,68,57,55,61,94,97,103,109,114,114,111,108,92,67,49,0,5,36,112,55,27,23,42,37,24,23,12,9,19,34,25,1,35,66,119,126,101,118,148,155,120,128,133,161,170,159,154,151,158,154,81,23,24,13,13,14,5,5,14,17,2,10,12,4,0,0,0,0
66,21,107,10,2,0,33,14,0,0,1,0,0,0,0,0,0,1,3,0,0,0,0,6,28,27,7,14,81,113,29,10,6,12,0,45,117,123,105,105,140,148,140,50,41,104,103,122,141,144,143,139,136,132,121,109,114,98,88,88,87,84,92,104,107,111,116,118,116,112,108,105,94,70,67,20,0,13,107,75,57,35,34,23,20,33,30,31,32,36,68,58,61,39,58,100,137,128,133,152,162,199,179,164,135,124,119,89,82,81,61,49,45,35,34,28,11,5,11,12,8,5,0,0,0,0,2,1
77,25,72,7,0,5,22,45,0,1,2,1,0,0,1,2,6,9,10,9,7,7,10,13,30,29,16,28,114,95,4,17,67,70,113,131,102,94,109,112,100,163,140,59,33,104,119,130,147,155,157,152,148,147,140,130,116,108,107,115,123,126,133,143,119,126,134,135,128,117,108,103,96,79,69,48,0,2,61,77,30,38,63,67,76,105,141,187,250,234,255,245,217,166,132,138,151,165,203,234,226,240,227,236,176,132,101,57,56,52,40,33,33,26,27,19,2,0,0,0,3,0,0,0,1,4,1,0
22,14,16,0,4,0,4,20,0,0,2,3,3,5,8,11,8,9,10,11,14,17,21,24,42,38,8,30,109,62,52,81,101,115,96,45,85,156,136,107,115,202,168,80,52,92,134,130,152,165,173,169,166,170,169,163,163,157,150,147,143,138,133,130,139,146,153,150,137,122,111,106,103,85,81,56,9,4,34,80,24,51,81,80,77,77,99,161,191,231,252,236,163,125,118,99,111,111,169,248,254,246,223,246,218,150,107,65,72,54,30,14,26,23,26,22,8,6,9,4,0,0,0,0,1,0,0,0
1,34,5,0,17,0,10,0,0,0,1,3,5,9,15,18,20,18,19,23,31,40,46,49,23,30,2,45,115,51,113,133,151,112,145,155,141,112,64,83,126,151,101,77,98,87,137,151,148,166,178,176,175,182,186,183,178,175,169,163,163,164,162,158,155,159,159,150,134,119,111,109,109,83,102,48,42,11,39,90,54,67,84,98,121,110,94,132,188,242,240,243,152,110,130,98,111,122,182,246,238,229,214,241,203,145,115,70,63,35,31,41,27,24,27,22,8,4,5,0,2,2,2,1,0,0,0,4
1,21,15,17,14,0,2,3,4,1,0,0,0,0,4,8,5,17,0,9,37,40,39,30,13,0,0,71,111,122,155,150,157,159,161,184,159,92,129,107,109,181,136,88,104,77,164,155,151,166,177,176,175,180,185,185,184,183,180,176,172,168,166,164,163,161,156,147,136,125,118,115,109,111,101,64,113,58,37,96,98,44,70,91,95,92,84,111,128,205,255,228,168,123,104,103,96,130,162,255,251,216,195,245,215,141,101,77,54,47,35,30,30,28,25,20,12,4,1,2,0,0,0,0,0,0,0,0
3,24,15,11,8,0,0,0,0,0,3,5,4,3,5,9,0,11,18,17,13,32,54,46,0,32,83,152,136,143,177,151,100,115,142,173,108,59,90,85,87,154,134,72,99,84,159,173,160,168,175,177,177,180,182,183,187,186,183,179,175,170,166,164,162,161,157,147,136,127,123,122,129,120,115,66,122,62,62,102,106,55,59,98,110,100,90,149,113,133,209,232,158,114,111,86,92,144,164,228,247,238,194,238,217,145,106,80,55,47,36,32,28,28,26,21,12,5,2,2,0,0,0,0,0,0,0,0
4,27,14,4,1,0,0,0,0,0,3,2,0,0,0,0,0,18,8,0,26,48,34,41,89,85,63,129,142,130,137,156,183,126,109,128,79,104,122,102,115,158,134,73,95,124,141,180,173,171,172,177,180,181,182,185,186,185,184,181,176,171,166,162,164,163,159,149,137,130,130,133,147,130,127,69,119,54,75,88,109,71,49,87,88,80,60,109,83,132,150,140,139,128,106,100,111,125,163,237,247,236,188,247,218,149,112,84,56,47,36,33,25,28,27,21,12,5,3,2,0,0,0,0,0,0,0,0
1,24,11,0,0,0,3,0,3,2,0,0,0,1,2,0,22,0,18,20,17,69,107,104,153,103,88,165,134,123,155,164,148,102,118,113,63,105,124,99,110,164,151,93,74,135,121,204,187,177,172,176,181,182,184,189,186,187,187,186,183,178,173,169,170,169,163,151,139,134,138,144,161,148,129,84,105,49,80,78,110,90,59,92,71,87,68,63,90,118,157,126,60,69,103,85,106,119,185,241,223,241,199,231,215,150,114,83,52,43,33,29,21,27,29,22,12,7,4,2,0,0,0,0,0,0,0,0
0,15,3,0,0,0,4,0,1,0,0,0,5,15,13,4,2,3,19,72,145,153,95,58,83,106,55,79,117,115,117,144,153,88,93,59,57,113,131,97,120,123,112,63,100,164,123,159,201,191,182,180,180,181,184,188,190,192,193,194,192,189,185,182,180,176,166,153,143,141,148,155,178,171,124,104,99,65,102,101,77,53,32,88,69,115,131,94,113,59,63,84,74,98,131,113,121,126,167,236,248,235,172,243,211,147,112,79,47,39,28,22,18,27,30,22,13,8,5,2,0,0,0,0,0,0,0,0
0,10,0,0,2,0,2,0,0,0,0,0,8,17,10,0,7,32,101,150,118,106,127,91,152,145,100,108,143,149,180,187,183,147,149,97,88,82,75,60,98,127,175,83,98,86,113,149,202,202,198,188,182,183,184,184,190,191,193,194,194,192,190,188,189,180,167,154,148,151,160,167,185,182,112,118,114,86,126,127,135,91,42,81,49,63,95,57,89,101,121,130,112,89,87,98,133,169,147,195,255,242,156,254,208,144,108,74,45,38,25,15,14,26,32,23,13,9,6,2,0,0,0,0,0,0,0,0
5,15,4,11,14,0,0,0,0,2,0,0,2,15,17,10,32,107,142,182,174,149,161,117,93,159,123,100,166,117,130,195,179,119,62,61,114,118,102,125,128,151,171,93,88,65,118,127,184,203,211,199,190,192,192,187,193,194,194,194,194,193,192,191,194,181,165,154,154,162,172,179,185,182,110,129,152,99,128,113,117,105,37,52,52,57,105,90,153,83,89,89,41,84,151,126,121,197,151,142,192,229,186,229,208,144,106,72,46,42,27,13,11,26,33,24,13,9,7,1,0,0,0,0,0,0,0,0
18,23,13,23,25,2,0,3,0,4,1,0,0,24,44,51,118,165,165,189,169,158,178,79,55,131,97,52,153,143,156,165,192,168,108,133,152,106,67,135,129,151,121,89,57,75,133,138,165,197,217,206,197,201,202,193,204,203,203,202,201,200,200,199,195,181,163,154,158,169,181,187,185,182,119,143,190,105,118,82,76,114,35,14,42,50,99,91,121,50,38,66,63,68,103,122,153,130,105,164,147,139,165,246,209,144,106,73,48,45,29,13,9,26,34,24,13,10,7,1,0,0,0,0,0,0,0,0
13,18,22,20,12,6,3,4,7,0,3,0,9,3,22,125,187,174,152,122,79,69,91,85,66,65,74,56,68,102,87,152,148,157,120,150,157,116,136,166,123,121,112,127,127,87,80,107,107,177,215,210,220,211,192,214,204,211,214,208,203,205,208,210,196,185,170,163,170,181,186,186,191,158,122,164,150,78,126,114,136,139,41,43,24,27,71,56,55,32,74,87,73,74,78,107,168,148,117,93,91,97,136,206,197,162,94,70,58,38,35,14,14,24,30,24,14,8,5,4,0,0,0,0,0,0,0,0
0,2,6,5,2,1,5,9,0,7,0,0,1,0,113,166,190,165,106,130,163,171,185,133,78,104,127,121,116,125,91,132,144,124,117,148,132,123,168,176,165,169,188,180,116,72,84,95,147,135,188,223,224,212,223,217,215,219,219,212,208,209,212,212,209,183,163,164,175,179,179,181,184,129,114,142,147,99,162,143,154,175,91,27,57,30,73,98,93,93,105,94,83,107,126,124,166,140,112,144,91,48,122,122,175,156,94,60,45,28,32,25,15,26,31,25,15,8,5,3,0,0,0,0,0,0,0,0
0,0,0,0,0,3,10,16,0,22,0,4,3,35,163,133,107,139,187,154,146,168,137,142,69,101,113,110,107,140,139,185,152,123,108,99,90,99,141,162,176,196,202,166,117,94,102,120,144,97,136,188,208,210,234,213,222,223,219,213,211,214,216,214,213,186,168,172,177,174,176,185,162,110,160,155,145,81,142,112,37,95,80,56,55,44,30,83,111,104,80,90,87,89,129,128,172,153,138,168,155,107,88,54,117,129,94,62,47,27,23,24,18,28,34,27,16,9,5,3,0,0,0,0,0,0,0,0
0,1,1,0,0,2,8,13,8,14,0,0,6,105,141,100,162,164,199,141,114,120,84,136,48,75,68,68,65,125,146,195,191,117,157,151,83,104,153,102,171,190,114,32,58,79,80,135,137,133,127,158,190,217,225,215,222,220,215,209,209,214,216,213,204,195,187,183,179,176,181,189,166,104,166,124,102,43,105,77,0,6,94,79,90,65,72,112,106,112,69,95,84,42,74,55,102,171,143,178,168,110,131,76,89,115,98,67,52,31,18,22,19,29,35,29,17,10,5,2,0,0,0,0,0,0,0,0
0,0,0,0,0,0,0,0,4,0,5,0,34,101,123,151,174,157,121,165,181,131,140,164,115,130,126,118,88,123,94,113,162,97,83,29,0,8,40,14,35,83,54,7,65,94,65,104,98,118,100,143,153,203,223,229,223,221,215,208,207,210,211,208,200,203,197,186,187,194,187,169,144,74,125,88,97,55,89,54,4,0,24,84,49,94,24,102,61,98,40,52,57,49,110,80,104,63,97,106,100,129,109,66,109,116,101,65,46,33,20,28,19,30,36,30,19,10,5,2,0,0,0,0,0,0,0,0
0,0,0,1,1,0,0,0,4,0,0,7,105,63,120,182,131,164,193,223,213,161,129,115,119,118,129,138,116,177,139,168,154,90,131,136,113,127,168,82,92,120,129,77,68,90,85,111,161,140,130,189,152,172,216,221,225,224,219,209,205,205,205,202,205,205,193,183,196,205,172,123,105,75,106,95,111,75,75,59,52,6,5,12,53,70,0,93,126,151,83,105,109,77,131,115,134,135,127,156,134,79,85,86,98,88,89,70,50,41,25,25,17,28,36,30,19,11,6,2,0,0,0,0,0,0,0,0
0,0,1,2,3,3,1,0,4,0,0,46,128,62,103,150,125,144,231,205,194,223,162,156,143,106,112,104,77,165,131,189,195,161,144,134,163,148,168,107,62,88,119,81,64,78,69,98,128,91,86,146,150,132,191,208,217,220,218,209,203,202,203,202,205,203,194,189,194,183,133,78,93,98,78,81,91,69,63,94,85,48,8,2,2,61,8,142,113,119,65,119,133,72,100,99,150,146,118,137,164,89,21,55,79,53,78,80,55,46,28,18,15,26,34,29,19,11,6,3,0,0,0,0,0,0,0,0
1,0,0,0,0,0,0,0,0,8,4,65,82,79,80,129,183,168,216,209,178,173,152,167,142,95,112,104,76,174,134,206,207,161,128,126,163,153,193,125,81,101,92,47,78,97,73,132,139,117,80,89,142,73,101,126,204,211,213,207,201,201,205,206,198,202,203,198,184,150,98,55,53,78,33,70,101,85,47,82,88,62,104,73,43,74,76,174,177,161,58,55,69,54,110,118,108,124,85,134,141,71,80,73,97,54,79,82,48,41,31,22,13,25,33,29,19,11,6,3,0,0,0,0,0,0,0,0
0,0,1,2,3,2,0,0,0,0,17,96,115,118,57,93,188,186,168,197,175,172,184,183,137,82,116,79,53,139,132,176,203,137,134,132,167,141,157,136,85,109,119,116,64,134,130,117,178,180,115,139,137,32,40,91,138,174,187,215,207,196,223,195,204,197,189,206,148,102,125,128,110,114,106,66,89,59,28,69,83,72,87,73,141,151,126,166,191,155,86,131,157,93,127,126,145,137,130,196,153,53,45,105,115,92,68,60,73,39,30,18,23,23,37,28,18,14,0,5,0,0,0,0,0,0,0,0
0,0,0,0,0,0,0,0,7,0,53,130,164,109,89,94,176,211,181,169,199,191,174,158,159,84,121,71,57,117,120,130,192,141,147,161,199,183,184,186,86,108,143,151,112,154,174,156,195,167,201,169,189,173,53,86,102,168,172,190,209,198,209,201,208,193,228,158,109,121,112,49,37,114,142,77,84,79,67,93,76,58,85,109,166,192,185,145,187,149,84,130,162,103,131,120,131,162,141,175,168,58,13,55,61,56,77,96,85,45,22,24,21,22,36,28,19,15,1,6,0,0,0,0,0,0,0,0
0,0,0,0,0,0,0,4,2,5,120,87,139,101,150,117,128,188,172,149,235,235,192,147,165,92,154,95,79,110,157,149,176,153,164,172,186,175,171,224,118,103,137,131,105,98,144,118,177,182,184,151,168,173,93,81,86,169,165,177,219,204,193,203,186,204,179,131,95,121,60,51,92,116,103,49,64,51,59,115,133,93,106,120,116,160,207,129,174,124,61,97,140,101,143,131,119,118,145,191,151,98,103,73,79,62,102,112,95,74,34,19,20,20,35,28,19,16,3,8,0,0,0,0,0,0,0,0
0,1,6,4,0,0,1,5,6,47,110,93,51,168,164,149,99,156,185,176,203,191,152,99,140,74,131,95,66,100,171,151,188,181,179,190,199,193,157,219,128,68,81,62,57,33,118,109,100,146,72,88,100,96,113,61,68,130,134,163,214,201,185,194,194,194,157,116,130,72,89,88,122,103,82,85,127,82,71,130,133,97,139,162,132,173,204,123,191,130,61,70,108,86,150,145,156,187,167,182,135,94,87,94,103,82,142,118,104,89,50,11,18,19,34,27,19,17,4,9,0,0,0,0,0,0,0,0
0,3,8,7,2,0,0,1,41,79,121,117,105,165,180,134,95,118,190,214,138,128,126,97,111,40,55,63,32,92,159,116,196,179,144,160,192,188,106,112,66,28,106,128,140,77,130,122,142,172,125,125,134,165,152,84,61,74,99,158,207,212,208,205,201,166,125,133,51,73,101,54,83,90,65,48,85,55,54,93,146,88,129,151,149,204,206,167,208,150,100,83,107,84,156,150,142,182,153,181,106,80,82,122,72,63,162,137,126,75,51,25,18,19,34,27,19,17,4,10,0,0,0,0,0,0,0,0
0,0,4,4,1,0,0,0,36,146,134,169,125,129,160,117,128,96,152,202,141,166,181,161,185,127,94,104,28,71,126,76,126,131,86,105,157,181,129,111,120,67,121,120,112,54,96,140,142,180,157,127,107,180,170,113,52,30,59,123,165,191,201,186,189,103,112,66,50,63,78,39,91,120,102,85,112,63,37,45,51,21,87,136,152,203,182,178,153,119,109,96,118,96,168,156,170,179,168,204,92,55,64,80,77,57,142,144,149,79,61,53,18,19,34,27,19,17,4,9,0,0,0,0,0,0,0,0
0,0,0,0,0,1,3,5,44,132,176,139,168,75,138,129,180,127,121,136,163,204,190,168,148,122,92,120,52,97,177,144,173,208,154,138,157,166,149,109,138,63,84,76,66,32,33,105,103,147,134,115,77,152,177,146,91,65,78,114,154,199,211,194,152,97,59,57,65,94,74,111,155,143,86,70,107,64,60,87,105,73,93,116,96,125,120,116,98,77,96,84,109,92,167,151,161,201,160,163,148,77,53,99,98,94,122,137,138,98,76,67,19,20,35,27,19,16,3,8,0,0,0,0,0,0,0,0
3,0,0,0,0,5,10,13,80,81,154,145,207,104,88,165,171,148,105,64,148,178,143,139,94,70,36,74,36,80,167,125,159,218,174,159,177,178,164,89,126,34,41,58,89,104,85,169,144,136,161,152,106,164,121,108,79,67,63,70,116,174,185,173,109,77,36,40,54,73,135,140,153,154,96,69,98,55,54,74,109,86,96,152,140,162,151,95,109,83,99,73,90,72,148,131,168,163,144,144,150,92,106,108,71,125,130,134,105,101,77,63,20,20,35,28,19,16,3,8,0,0,0,0,0,0,0,0
